offset:
  head_pan: 0
  head_tilt: 0
  l_ank_pitch: 0
  l_ank_roll: 0.01570796326794897
  l_el: 0
  l_hip_pitch: -0.003490658503988659
  l_hip_roll: -0.02530727415391779
  l_hip_yaw: 0
  l_knee: 0.008726646259971644
  l_sho_pitch: 0
  l_sho_roll: 0
  r_ank_pitch: -8.881784197001252e-16
  r_ank_roll: 0.02181661564992912
  r_el: 0
  r_hip_pitch: 0.006981317007977318
  r_hip_roll: 0.01221730476396031
  r_hip_yaw: -0.003490658503988661
  r_knee: 0
  r_sho_pitch: 0
  r_sho_roll: 0