offset:
  head_pan: 0
  head_tilt: 0
  l_ank_pitch: 0.0174532925199433
  l_ank_roll: 0.002617993877991494
  l_el: 0
  l_hip_pitch: -0.005235987755982988
  l_hip_roll: 0.0174532925199433
  l_hip_yaw: 0
  l_knee: 0.004363323129985824
  l_sho_pitch: 0
  l_sho_roll: 0
  r_ank_pitch: -0.00174532925199433
  r_ank_roll: -0.002617993877991494
  r_el: 0
  r_hip_pitch: 0.02792526803190928
  r_hip_roll: -0.003490658503988659
  r_hip_yaw: 0
  r_knee: 0.00174532925199433
  r_sho_pitch: 0
  r_sho_roll: 0
init_pose_for_offset_tuner:
  head_pan: 0
  head_tilt: -0.7853981633974483
  l_ank_pitch: 0
  l_ank_roll: 0
  l_el: 0
  l_hip_pitch: 0
  l_hip_roll: 0
  l_hip_yaw: 0
  l_knee: 0
  l_sho_pitch: 0
  l_sho_roll: 0
  r_ank_pitch: 0
  r_ank_roll: 0
  r_el: 0
  r_hip_pitch: 0
  r_hip_roll: 0
  r_hip_yaw: 0
  r_knee: 0
  r_sho_pitch: 0
  r_sho_roll: 0