offset:
  head_pan: 0
  head_tilt: 0
  l_ank_pitch: 0.0174532925199433
  l_ank_roll: 0
  l_el: 0
  l_hip_pitch: 0.01221730476396031
  l_hip_roll: -0.01570796326794897
  l_hip_yaw: 0.004363323129985824
  l_knee: 0.006981317007977318
  l_sho_pitch: 0
  l_sho_roll: 0
  r_ank_pitch: 0.008726646259971646
  r_ank_roll: 0
  r_el: 0
  r_hip_pitch: 0.01658062789394613
  r_hip_roll: 0.0148352986419518
  r_hip_yaw: 0.008726646259971646
  r_knee: 0.008726646259971646
  r_sho_pitch: 0
  r_sho_roll: 0
init_pose_for_offset_tuner:
  head_pan: 0
  head_tilt: 0
  l_ank_pitch: 0
  l_ank_roll: 0
  l_el: 0
  l_hip_pitch: 0
  l_hip_roll: 0
  l_hip_yaw: 0
  l_knee: 0
  l_sho_pitch: 0
  l_sho_roll: 0
  r_ank_pitch: 0
  r_ank_roll: 0
  r_el: 0
  r_hip_pitch: 0
  r_hip_roll: 0
  r_hip_yaw: 0
  r_knee: 0
  r_sho_pitch: 0
  r_sho_roll: 0