offset:
  cm_740: 0
  l_ank_pitch: -0.04625122517784973
  l_ank_roll: 0.004363323129985824
  l_el: 0
  l_hip_pitch: 0.008726646259971686
  l_hip_roll: 0.02443460952792062
  l_hip_yaw: 0.02146754979953025
  l_knee: 0
  l_sho_pitch: 0
  l_sho_roll: 0
  r_ank_pitch: 0.1134464013796314
  r_ank_roll: 0.04136430327226561
  r_el: 0
  r_hip_pitch: -0.009599310885968814
  r_hip_roll: 0.04450589592585553
  r_hip_yaw: 0.0153588974175501
  r_knee: 0.0736528944341607
  r_sho_pitch: 0
  r_sho_roll: 0.1108284075016399
init_pose_for_offset_tuner:
  cm_740: 0
  l_ank_pitch: 0
  l_ank_roll: 0
  l_el: 0
  l_hip_pitch: 0
  l_hip_roll: 0
  l_hip_yaw: 0
  l_knee: 0
  l_sho_pitch: 0
  l_sho_roll: 0
  r_ank_pitch: 0
  r_ank_roll: 0
  r_el: 0
  r_hip_pitch: 0
  r_hip_roll: 0
  r_hip_yaw: 0
  r_knee: 0
  r_sho_pitch: 0
  r_sho_roll: 0